gg 346350 1732222947
ada 42360 1732222993
ada 42360 1732222993
gaga 1640 1732223303
gaga 1640 1732223303
gus 1440 1732223775
gus 1440 1732223775
Gus 1440 1732226945
Gus 1440 1732226945
ga 1440 1732227103
ga 1440 1732227103
gu 1260 1732227588
gu 1260 1732227588
ahhahahsuiagdjgq 62440 1732227742
ahhahahsuiagdjgq 62440 1732227742
gu 500 1732228928
gu 500 1732228928
gu 1820 1732233567
gu 1820 1732233567
adsw 460 1732585518
adsw 460 1732585518
dasda 1440 1732670874
dasda 1440 1732670874
guga 91570 1732727099
guga 91570 1732727099
1 145890 1732727426
1 145890 1732727426
ada 9380 1732731400
ada 9380 1732731400
asd1 30030 1732732253
asd1 30030 1732732253
age 57810 1732732577
age 57810 1732732577
12312314 203690 1732801481
Gus 15010 1732843966
Gus 15010 1732843966
asda1 223120 1732844606
asda1 223120 1732844606
awdsa 19750 1732898545
awdsa 19750 1732898545
aga1 21240 1733110414
aga1 21240 1733110414
guga 592470 1733111109
guga 592470 1733111109
guga 592470 1733111109
guga 592470 1733111109
gg 346350 1732222947
asda1 223120 1732844606
asda1 223120 1732844606
12312314 203690 1732801481
1 145890 1732727426
1 145890 1732727426
guga 91570 1732727099
guga 91570 1732727099
ahhahahsuiagdjgq 62440 1732227742
ahhahahsuiagdjgq 62440 1732227742
age 57810 1732732577
age 57810 1732732577
ada 42360 1732222993
ada 42360 1732222993
asd1 30030 1732732253
asd1 30030 1732732253
aga1 21240 1733110414
aga1 21240 1733110414
awdsa 19750 1732898545
awdsa 19750 1732898545
Gus 15010 1732843966
Gus 15010 1732843966
ada 9380 1732731400
ada 9380 1732731400
gu 1820 1732233567
gu 1820 1732233567
gaga 1640 1732223303
gaga 1640 1732223303
ga 1440 1732227103
ga 1440 1732227103
Gus 1440 1732226945
Gus 1440 1732226945
gus 1440 1732223775
gus 1440 1732223775
dasda 1440 1732670874
dasda 1440 1732670874
gu 1260 1732227588
gu 1260 1732227588
gu 500 1732228928
gu 500 1732228928
adsw 460 1732585518
adsw 460 1732585518
131 4835 1733113810
131 4835 1733113810
asd1 0 1733114631
asd1 0 1733114631
asd1dsf 63260 1733156032
asd1dsf 63260 1733156032
1234 13735 1733156893
1234 13735 1733156893
2342 117730 1733157264
2342 117730 1733157264
asd1 690 1733158688
asd1 690 1733158688
123 2070 1733159963
123 2070 1733159963
fq1 15322 1733161684
fq1 15322 1733161684
fgfh 19240 1733161855
fgfh 19240 1733161855
dasd14513 870 1733164430
dasd14513 870 1733164430
qtwe 58150 1733170851
qtwe 58150 1733170851
12345512 19535141 1733171843
12345512 19535141 1733171843
gustavo 46910 1733185052
gustavo 46910 1733185052
2365d 47810 1733186683
2365d 47810 1733186683
tqw 417 1733186745
tqw 417 1733186745
fas 7650 1733186783
fas 7650 1733186783
123 438097 1733234258
123 438097 1733234258
gsad 364444 1733235041
gsad 364444 1733235041
ahsm 3090 1733263807
ahsm 3090 1733263807
jihqkjbfkjq 15 1733264341
jihqkjbfkjq 15 1733264341
kjbdkjf3 413 1733267933
kjbdkjf3 413 1733267933
mk 218080 1733268417
mk 218080 1733268417
k2kf 815 1733268501
k2kf 815 1733268501
gustavo 5770 1733270654
gustavo 5770 1733270654
gustavo 43290 1733271717
gustavo 43290 1733271717
